
3.06946086470369
2.032111882149539
2.804546026640562
2.9460249253537585
4.819605712612641
2.7558845234383123
2.539247152646785
3.2097879227592365
2.228623355385416
2.647314449970932
1.8584353165361
2.314373239251205
2.720083449836415
4.249395360315893
3.3477218432135563
2.3377307344778626
1.5282054689702387
2.5390998518911507
2.4633118562447045
2.7852759703836663
3.711454435245889
3.2132669728393006
1.7043830836005147
2.1766925375612187
3.0936071652773123
2.2838418874525366
2.995484420642649
1.901365529263647
1.9459551637133492
2.274675618100833
2.1447649661634562
4.0984656844461025
3.055134783598348
2.7597747381267164
2.3666448359038084
2.9032544831936558
2.630277921723714
3.311340588988476
2.6809233634525005
2.1218500154942674
2.7884890994558975
2.156977972010307
4.499025722975412
2.099142092923423
1.9854499896213267
2.976009639616935
2.9322562552672116
3.105645780777709
4.614189280296646
2.7414278968906296
2.2881674639825236
4.7278759428848245
2.0723010074598167
2.9836398743479635
1.867560965537178
1.924307264884361
2.5268969394955016
2.0859174594159686
3.4799041342121027
2.7910615706373103
2.212174167324619
2.195385368945746
2.819393013100437
2.344800386816021
1.8617255052821589
1.5746099252060928
2.6328991930901235
3.1673709937232686
2.4108314891605613
2.4051008369622284
2.894115835843035
3.6871824717562482
3.7400651990632316
2.9634627012886767
3.840676217519727
2.9391761138940153
3.496950380060679
2.202173520254247
3.230915918343352
2.5463121349655533
2.3026918429779686
3.2151716027546753
1.8925409314707065
2.454065051102398
2.8330831755280403
3.0690109536082475
2.869646768471387
2.089967688110814
2.7634009208429253
1.5941646755680488
1.5775854370163642
2.0967662791526993
3.3393299938324534
3.5969331698568974
2.5989204758646567
1.8432161682216648
3.0149598459845985
2.712598475039562
2.692960205216681
3.174434021667178
3.3148431198304746
2.323340005183884
2.0148396531376673
1.7079577825045098
2.444331658794666
4.406699915875496
1.7106551668612375
2.524948364723239
2.049139574287832
1.827247709082473
2.8513753632262517
2.6647655051257533
3.5163653570030022
3.096839855872916
1.0336586134453782
4.38108385360829
2.797037567084079
3.9383858846593696
2.064134379597842
2.0156357040913417
2.1400907683042245
2.561899892588614
3.6877686108165433
2.5791712317934117
3.386411954266543
4.148576012392122
1.7453267730232096
2.802362396712873
2.05806866202314
2.5384186493923973
3.7266561316376947
1.967732733336012
1.9432685670646634
2.2002985307908722
2.431182576295245
3.2599875857091303
2.3044386609999523
2.3864765030738773
2.584720198892136
3.3308148024468354
1.8295077315479038
2.625850207238839
1.4844583012573773
2.718255780759349
2.5038503741742932
2.8031328460637175
3.587352838986925
1.8012508348065215
2.789992268926813
2.9549719127422525
2.7964454888706993
1.9813710501419113
3.6039232111692843
1.9891272971630585
2.560814615748729
2.9811042464323005
2.6529406459121323
2.5627455726092085
2.7739417130863
1.7835470554819164
4.017480841982733
2.1698886504307797
3.398637441053919
2.588980493516248
2.974849273989899
2.476725711218465
3.2713027403218793
2.5756337023906197
2.171741831066008
3.4425919786096255
2.3606120574865694
2.6307304078700118
2.0990936024743614
3.6830071070566706
2.9834372545232113
2.718369626696833
1.1327507104107466
3.108493427704752
3.0816019371678354
3.0551820618787
3.102454471484577
2.449927514978841
2.7415495874560336
2.351820028739904
3.7232938742673256
2.9805677359367735
2.310585260635111
2.8104406376550743
2.8332398946879356
2.16089289759855
2.6011542950513533
2.5782869883068917
2.031121979437827
2.641162232779098
2.0337303815235424
3.1178149693251536
3.227699681499119
2.9182896829260376
3.4522233103585065
4.021921749720897
1.9080083764730367
3.717814753914571
1.741070893879348
2.694715632962934
3.122560060543605
3.1351017825791243
3.081311886414019
2.2923627784125475
2.978198657429012
1.8665267185714665
2.9792753749817975
2.392032249858124
2.357770171957672
3.0359507519524946
2.4697176839628803
2.3894214711729624
2.386550164252248
3.9644983227606363
3.6799957627118647
3.065521034598243
4.086120746918591
3.521301484168132
1.884268214055448
2.2778642998027614
3.386945622930463
3.297864647547575
3.294316585543735
4.625064516129032
3.1813249515215274
2.334901319658442
3.1115070406144536
1.9285627446329026
1.6254394479073908
2.0142895535860825
1.2571623566351227
3.2964554414572476
3.3269489826424916
2.1235291511154286
2.38544388906091
2.7389888484428266
3.12943210583082
2.8440083370161124
2.836934624988718
4.2090060472169695
3.1310630646828783
2.4220081778215024
2.4278270243376587
2.7765686022610487
2.4502307692307697
3.5723852106882794
3.8076223102848044
2.6558755338621114
3.5659256755522266
2.7096062556041987
2.278140599118448
2.1474746926543804